# 5404 5 27020
0.0479452 0.0479452 0.726027 0.157534 0.0205479 
0.207547 0.0943396 0.641509 0.0188679 0.0377358 
0.025 0.15 0.775 0.025 0.025 
0.189189 0.027027 0.162162 0.0675676 0.554054 
0.214286 0.0357143 0.642857 0.0357143 0.0714286 
0.102941 0.0882353 0.514706 0.0294118 0.264706 
0.045977 0.0804598 0.804598 0.0344828 0.0344828 
0.123377 0.0779221 0.525974 0.0649351 0.207792 
0.0208333 0.0833333 0.854167 0.0208333 0.0208333 
0.010101 0.131313 0.424242 0.111111 0.323232 
0.354839 0.0322581 0.290323 0.0967742 0.225806 
0.191781 0.0136986 0.726027 0.0547945 0.0136986 
0.0185185 0.0185185 0.740741 0.185185 0.037037 
0.163934 0.0163934 0.344262 0.245902 0.229508 
0.122807 0.0175439 0.438596 0.140351 0.280702 
0.12 0.24 0.48 0.04 0.12 
0.114286 0.0714286 0.571429 0.0142857 0.228571 
0.235955 0.101124 0.460674 0.0449438 0.157303 
0.294872 0.0512821 0.525641 0.0897436 0.0384615 
0.030303 0.0151515 0.363636 0.439394 0.151515 
0.151042 0.0520833 0.34375 0.0416667 0.411458 
0.0952381 0.047619 0.642857 0.0238095 0.190476 
0.0344828 0.0689655 0.827586 0.0344828 0.0344828 
0.0123457 0.0123457 0.679012 0.283951 0.0123457 
0.0114943 0.0114943 0.310345 0.62069 0.045977 
0.184783 0.0217391 0.73913 0.0434783 0.0108696 
0.0263158 0.157895 0.578947 0.0263158 0.210526 
0.121037 0.0288184 0.682997 0.15562 0.0115274 
0.037037 0.0740741 0.481481 0.296296 0.111111 
0.111111 0.256944 0.479167 0.0208333 0.131944 
0.0227273 0.0909091 0.681818 0.0454545 0.159091 
0.0531401 0.0338164 0.772947 0.0724638 0.0676329 
0.233333 0.116667 0.566667 0.0166667 0.0666667 
0.032967 0.153846 0.659341 0.010989 0.142857 
0.0123457 0.0123457 0.814815 0.111111 0.0493827 
0.0188679 0.0188679 0.603774 0.264151 0.0943396 
0.0634921 0.015873 0.619048 0.15873 0.142857 
0.107143 0.0357143 0.75 0.0714286 0.0357143 
0.0322581 0.0322581 0.741935 0.0645161 0.129032 
0.207207 0.027027 0.693694 0.036036 0.036036 
0.168675 0.0240964 0.313253 0.0722892 0.421687 
0.0238095 0.047619 0.785714 0.119048 0.0238095 
0.111111 0.166667 0.388889 0.222222 0.111111 
0.0714286 0.0357143 0.5 0.0714286 0.321429 
0.0697674 0.0116279 0.848837 0.0116279 0.0581395 
0.123596 0.151685 0.573034 0.011236 0.140449 
0.0238095 0.119048 0.5 0.0238095 0.333333 
0.0422535 0.028169 0.507042 0.239437 0.183099 
0.0615385 0.0153846 0.492308 0.4 0.0307692 
0.0384615 0.211538 0.576923 0.0961538 0.0769231 
0.0174419 0.00581395 0.267442 0.645349 0.0639535 
0.0333333 0.166667 0.566667 0.133333 0.1 
0.047619 0.0238095 0.714286 0.0714286 0.142857 
0.0121951 0.146341 0.195122 0.54878 0.097561 
0.0363636 0.0363636 0.854545 0.0363636 0.0363636 
0.0491803 0.0327869 0.540984 0.180328 0.196721 
0.119601 0.00664452 0.717608 0.0830565 0.0730897 
0.0410959 0.0136986 0.760274 0.150685 0.0342466 
0.333333 0.0869565 0.536232 0.0144928 0.0289855 
0.0967742 0.0645161 0.677419 0.0645161 0.0967742 
0.376812 0.0289855 0.318841 0.130435 0.144928 
0.0294118 0.0294118 0.852941 0.0588235 0.0294118 
0.078125 0.015625 0.6875 0.140625 0.078125 
0.0769231 0.0384615 0.461538 0.153846 0.269231 
0.0425532 0.12766 0.723404 0.0638298 0.0425532 
0.0566038 0.00943396 0.731132 0.160377 0.0424528 
0.0294118 0.0294118 0.882353 0.0294118 0.0294118 
0.0967742 0.0322581 0.774194 0.0322581 0.0645161 
0.0833333 0.0555556 0.666667 0.0277778 0.166667 
0.0285714 0.171429 0.742857 0.0285714 0.0285714 
0.0561798 0.0786517 0.606742 0.202247 0.0561798 
0.169811 0.113208 0.509434 0.132075 0.0754717 
0.0277778 0.0138889 0.152778 0.402778 0.402778 
0.05 0.025 0.55 0.05 0.325 
0.221591 0.00568182 0.477273 0.170455 0.125 
0.047619 0.126984 0.587302 0.015873 0.222222 
0.0810811 0.0540541 0.72973 0.027027 0.108108 
0.0574713 0.0229885 0.724138 0.114943 0.0804598 
0.195 0.005 0.53 0.15 0.12 
0.0571429 0.075 0.764286 0.075 0.0285714 
0.12 0.02 0.64 0.1 0.12 
0.207547 0.0188679 0.716981 0.0188679 0.0377358 
0.0178571 0.0357143 0.535714 0.267857 0.142857 
0.178571 0.178571 0.535714 0.0535714 0.0535714 
0.117117 0.153153 0.396396 0.216216 0.117117 
0.254237 0.135593 0.271186 0.0169492 0.322034 
0.101449 0.15942 0.681159 0.0289855 0.0289855 
0.0217391 0.521739 0.347826 0.0869565 0.0217391 
0.0363636 0.0909091 0.690909 0.0909091 0.0909091 
0.037037 0.037037 0.703704 0.037037 0.185185 
0.1875 0.0416667 0.604167 0.145833 0.0208333 
0.0263158 0.0263158 0.578947 0.105263 0.263158 
0.0363636 0.0363636 0.418182 0.109091 0.4 
0.0869565 0.0782609 0.791304 0.0173913 0.026087 
0.141509 0.00943396 0.448113 0.0943396 0.306604 
0.0827068 0.120301 0.669173 0.0601504 0.0676692 
0.0471698 0.00943396 0.330189 0.103774 0.509434 
0.209302 0.0930233 0.604651 0.0232558 0.0697674 
0.186441 0.0169492 0.644068 0.135593 0.0169492 
0.155172 0.0172414 0.568966 0.189655 0.0689655 
0.185841 0.0353982 0.628319 0.132743 0.0176991 
0.0869565 0.0434783 0.652174 0.173913 0.0434783 
0.0208333 0.229167 0.5625 0.0833333 0.104167 
0.0277778 0.0277778 0.694444 0.138889 0.111111 
0.15 0.05 0.516667 0.183333 0.1 
0.209302 0.186047 0.418605 0.0232558 0.162791 
0.0508475 0.0169492 0.627119 0.135593 0.169492 
0.238532 0.0458716 0.577982 0.00917431 0.12844 
0.0434783 0.0434783 0.652174 0.0217391 0.23913 
0.15 0.02 0.77 0.04 0.02 
0.0322581 0.0322581 0.774194 0.0322581 0.129032 
0.0588235 0.0294118 0.852941 0.0294118 0.0294118 
0.0169492 0.0847458 0.559322 0.0169492 0.322034 
0.0258065 0.0709677 0.716129 0.180645 0.00645161 
0.107143 0.0535714 0.607143 0.0178571 0.214286 
0.0769231 0.0512821 0.717949 0.025641 0.128205 
0.148936 0.0212766 0.553191 0.234043 0.0425532 
0.0212766 0.0212766 0.765957 0.148936 0.0425532 
0.0697674 0.153488 0.427907 0.0651163 0.283721 
0.0208333 0.0833333 0.520833 0.0625 0.3125 
0.257143 0.142857 0.457143 0.0857143 0.0571429 
0.0344828 0.103448 0.586207 0.0344828 0.241379 
0.0888889 0.0444444 0.6 0.0888889 0.177778 
0.18705 0.057554 0.42446 0.0935252 0.23741 
0.28125 0.0625 0.5625 0.03125 0.0625 
0.266667 0.0166667 0.666667 0.0333333 0.0166667 
0.38806 0.0298507 0.432836 0.134328 0.0149254 
0.0140845 0.0751174 0.723005 0.0610329 0.126761 
0.025641 0.0512821 0.512821 0.025641 0.384615 
0.0196078 0.333333 0.235294 0.137255 0.27451 
0.0333333 0.0666667 0.8 0.0333333 0.0666667 
0.0524345 0.0486891 0.850187 0.011236 0.0374532 
0.107143 0.0357143 0.321429 0.321429 0.214286 
0.0472973 0.0135135 0.763514 0.168919 0.00675676 
0.0326087 0.0326087 0.543478 0.152174 0.23913 
0.030303 0.0909091 0.484848 0.0909091 0.30303 
0.183908 0.0114943 0.689655 0.0344828 0.0804598 
0.0243902 0.097561 0.707317 0.121951 0.0487805 
0.117647 0.0588235 0.558824 0.0294118 0.235294 
0.166667 0.047619 0.396825 0.301587 0.0873016 
0.131148 0.0819672 0.442623 0.245902 0.0983607 
0.0243902 0.0243902 0.780488 0.097561 0.0731707 
0.0526316 0.0350877 0.526316 0.0526316 0.333333 
0.0784314 0.0784314 0.607843 0.117647 0.117647 
0.0384615 0.0192308 0.596154 0.307692 0.0384615 
0.178571 0.0535714 0.214286 0.428571 0.125 
0.382353 0.0588235 0.411765 0.0588235 0.0882353 
0.121212 0.0606061 0.69697 0.0606061 0.0606061 
0.0340426 0.012766 0.791489 0.153191 0.00851064 
0.0833333 0.0625 0.770833 0.0208333 0.0625 
0.0526316 0.0175439 0.666667 0.157895 0.105263 
0.169811 0.0188679 0.754717 0.0377358 0.0188679 
0.0666667 0.0333333 0.566667 0.1 0.233333 
0.00990099 0.257426 0.376238 0.019802 0.336634 
0.0363636 0.0181818 0.836364 0.0181818 0.0909091 
0.257143 0.0285714 0.542857 0.114286 0.0571429 
0.0357143 0.107143 0.732143 0.107143 0.0178571 
0.072 0.12 0.736 0.064 0.008 
0.0384615 0.0384615 0.692308 0.153846 0.0769231 
0.0357143 0.0178571 0.732143 0.0714286 0.142857 
0.107692 0.138462 0.646154 0.0307692 0.0769231 
0.217949 0.217949 0.435897 0.0128205 0.115385 
0.0882353 0.0588235 0.588235 0.235294 0.0294118 
0.113636 0.0454545 0.568182 0.0454545 0.227273 
0.133333 0.0166667 0.633333 0.116667 0.1 
0.079646 0.0176991 0.814159 0.0530973 0.0353982 
0.0422535 0.056338 0.352113 0.056338 0.492958 
0.1125 0.1625 0.6875 0.0125 0.025 
0.0792079 0.128713 0.633663 0.0792079 0.0792079 
0.190476 0.047619 0.571429 0.0952381 0.0952381 
0.3 0.05 0.14 0.11 0.4 
0.0103093 0.0103093 0.164948 0.701031 0.113402 
0.0645161 0.290323 0.483871 0.016129 0.145161 
0.107843 0.0196078 0.539216 0.235294 0.0980392 
0.0888889 0.0666667 0.644444 0.111111 0.0888889 
0.0240964 0.0120482 0.289157 0.662651 0.0120482 
0.0243902 0.0731707 0.853659 0.0243902 0.0243902 
0.027027 0.027027 0.702703 0.0810811 0.162162 
0.0970149 0.0373134 0.679104 0.104478 0.0820896 
0.172414 0.137931 0.448276 0.0344828 0.206897 
0.165919 0.0044843 0.372197 0.224215 0.233184 
0.15 0.025 0.4 0.3 0.125 
0.027027 0.0540541 0.864865 0.027027 0.027027 
0.0985915 0.056338 0.760563 0.0704225 0.0140845 
0.0789474 0.210526 0.552632 0.105263 0.0526316 
0.143836 0.0410959 0.0479452 0.0205479 0.746575 
0.0111111 0.0333333 0.4 0.533333 0.0222222 
0.0512821 0.025641 0.641026 0.230769 0.0512821 
0.0743802 0.00826446 0.85124 0.0578512 0.00826446 
0.00724638 0.00724638 0.195652 0.76087 0.0289855 
0.04 0.16 0.52 0.16 0.12 
0.119048 0.0238095 0.690476 0.142857 0.0238095 
0.210526 0.0789474 0.368421 0.210526 0.131579 
0.0540541 0.108108 0.594595 0.108108 0.135135 
0.285714 0.0612245 0.571429 0.0204082 0.0612245 
0.333333 0.0416667 0.333333 0.0833333 0.208333 
0.0294118 0.0882353 0.411765 0.0294118 0.441176 
0.16 0.04 0.66 0.1 0.04 
0.350746 0.149254 0.402985 0.0671642 0.0298507 
0.0425532 0.0212766 0.829787 0.0212766 0.0851064 
0.0243902 0.0487805 0.829268 0.0731707 0.0243902 
0.153846 0.0769231 0.673077 0.0384615 0.0576923 
0.0294118 0.0294118 0.897059 0.0294118 0.0147059 
0.157407 0.0277778 0.694444 0.111111 0.00925926 
0.0877193 0.0175439 0.77193 0.0614035 0.0614035 
0.106383 0.0212766 0.808511 0.0212766 0.0425532 
0.0285714 0.0857143 0.542857 0.0285714 0.314286 
0.0480769 0.0769231 0.673077 0.0673077 0.134615 
0.0652174 0.0217391 0.543478 0.26087 0.108696 
0.0833333 0.0833333 0.625 0.0416667 0.166667 
0.0107527 0.0537634 0.752688 0.150538 0.0322581 
0.0952381 0.190476 0.333333 0.261905 0.119048 
0.1 0.08 0.36 0.4 0.06 
0.102041 0.0102041 0.214286 0.520408 0.153061 
0.0322581 0.0322581 0.612903 0.16129 0.16129 
0.0166667 0.0166667 0.866667 0.05 0.05 
0.0357143 0.232143 0.589286 0.0178571 0.125 
0.0377358 0.0754717 0.754717 0.0943396 0.0377358 
0.0769231 0.0769231 0.358974 0.025641 0.461538 
0.111111 0.0185185 0.314815 0.185185 0.37037 
0.177515 0.0295858 0.39645 0.236686 0.159763 
0.0833333 0.0416667 0.75 0.0416667 0.0833333 
0.037037 0.037037 0.62963 0.037037 0.259259 
0.257576 0.0909091 0.439394 0.106061 0.106061 
0.266094 0.0772532 0.334764 0.188841 0.133047 
0.0212766 0.170213 0.680851 0.0212766 0.106383 
0.0357143 0.142857 0.571429 0.0714286 0.178571 
0.0465116 0.0232558 0.883721 0.0232558 0.0232558 
0.0166667 0.05 0.783333 0.133333 0.0166667 
0.0597015 0.0298507 0.597015 0.149254 0.164179 
0.181818 0.030303 0.575758 0.121212 0.0909091 
0.0338983 0.0169492 0.457627 0.135593 0.355932 
0.25 0.173077 0.403846 0.0576923 0.115385 
0.10989 0.021978 0.494505 0.21978 0.153846 
0.0322581 0.0322581 0.548387 0.0322581 0.354839 
0.0188679 0.0849057 0.849057 0.0283019 0.0188679 
0.0555556 0.0555556 0.666667 0.0555556 0.166667 
0.0487805 0.146341 0.487805 0.0243902 0.292683 
0.030303 0.030303 0.727273 0.0606061 0.151515 
0.0609756 0.0121951 0.853659 0.0609756 0.0121951 
0.0847458 0.101695 0.711864 0.0169492 0.0847458 
0.04 0.08 0.76 0.04 0.08 
0.118812 0.029703 0.712871 0.108911 0.029703 
0.0645161 0.177419 0.596774 0.112903 0.0483871 
0.0588235 0.0588235 0.764706 0.0588235 0.0588235 
0.0862069 0.0172414 0.827586 0.0517241 0.0172414 
0.132275 0.00529101 0.216931 0.047619 0.597884 
0.0833333 0.0833333 0.75 0.0416667 0.0416667 
0.157895 0.105263 0.394737 0.105263 0.236842 
0.24 0.08 0.28 0.06 0.34 
0.0169492 0.0338983 0.779661 0.0169492 0.152542 
0.0645161 0.129032 0.612903 0.0322581 0.16129 
0.108108 0.027027 0.648649 0.027027 0.189189 
0.0700637 0.00636943 0.745223 0.127389 0.0509554 
0.217391 0.173913 0.550725 0.0144928 0.0434783 
0.034188 0.136752 0.717949 0.0598291 0.0512821 
0.181818 0.0909091 0.613636 0.0681818 0.0454545 
0.031746 0.031746 0.333333 0.285714 0.31746 
0.030303 0.151515 0.727273 0.030303 0.0606061 
0.025 0.025 0.6 0.025 0.325 
0.148387 0.0516129 0.574194 0.193548 0.0322581 
0.0810811 0.027027 0.675676 0.0810811 0.135135 
0.113208 0.00943396 0.650943 0.150943 0.0754717 
0.0526316 0.105263 0.631579 0.157895 0.0526316 
0.135135 0.135135 0.594595 0.0810811 0.0540541 
0.0547945 0.0136986 0.424658 0.369863 0.136986 
0.047619 0.285714 0.52381 0.047619 0.0952381 
0.0144928 0.26087 0.623188 0.0724638 0.0289855 
0.030303 0.121212 0.454545 0.030303 0.363636 
0.0517241 0.12069 0.672414 0.103448 0.0517241 
0.0238095 0.0714286 0.595238 0.0238095 0.285714 
0.0232558 0.139535 0.511628 0.0697674 0.255814 
0.0576923 0.0769231 0.75 0.0769231 0.0384615 
0.212766 0.0212766 0.446809 0.12766 0.191489 
0.256 0.04 0.536 0.024 0.144 
0.0322581 0.0322581 0.483871 0.0645161 0.387097 
0.333333 0.0222222 0.503704 0.037037 0.103704 
0.0350877 0.0175439 0.45614 0.245614 0.245614 
0.351515 0.0121212 0.315152 0.278788 0.0424242 
0.0344828 0.0114943 0.724138 0.149425 0.0804598 
0.0277778 0.0555556 0.416667 0.138889 0.361111 
0.0909091 0.0909091 0.727273 0.0606061 0.030303 
0.0588235 0.0784314 0.588235 0.0588235 0.215686 
0.289855 0.0724638 0.463768 0.0434783 0.130435 
0.220588 0.0441176 0.647059 0.0735294 0.0147059 
0.210227 0.00568182 0.590909 0.125 0.0681818 
0.192308 0.173077 0.596154 0.0192308 0.0192308 
0.1 0.0166667 0.833333 0.0333333 0.0166667 
0.0175439 0.0877193 0.789474 0.0701754 0.0350877 
0.0188679 0.0377358 0.641509 0.0754717 0.226415 
0.0769231 0.0681319 0.613187 0.136264 0.105495 
0.0769231 0.0769231 0.564103 0.0769231 0.205128 
0.192308 0.0384615 0.384615 0.0384615 0.346154 
0.25 0.03125 0.5625 0.0625 0.09375 
0.0961538 0.0192308 0.807692 0.0192308 0.0576923 
0.0265487 0.00884956 0.840708 0.106195 0.0176991 
0.0204082 0.0612245 0.387755 0.0204082 0.510204 
0.0172414 0.0517241 0.655172 0.241379 0.0344828 
0.068323 0.0186335 0.608696 0.136646 0.167702 
0.028169 0.0140845 0.394366 0.309859 0.253521 
0.0454545 0.0568182 0.534091 0.0113636 0.352273 
0.18018 0.036036 0.486486 0.0540541 0.243243 
0.1 0.05 0.35 0.116667 0.383333 
0.12 0.0114286 0.6 0.251429 0.0171429 
0.0697674 0.0232558 0.744186 0.0930233 0.0697674 
0.0217391 0.0217391 0.608696 0.0217391 0.326087 
0.217391 0.217391 0.391304 0.0326087 0.141304 
0.0574713 0.218391 0.666667 0.0114943 0.045977 
0.102564 0.102564 0.730769 0.0512821 0.0128205 
0.0454545 0.0909091 0.590909 0.181818 0.0909091 
0.04 0.16 0.48 0.04 0.28 
0.0394737 0.0263158 0.25 0.164474 0.519737 
0.0222222 0.177778 0.511111 0.0666667 0.222222 
0.0847458 0.20339 0.508475 0.0847458 0.118644 
0.0769231 0.025641 0.717949 0.102564 0.0769231 
0.0394737 0.578947 0.105263 0.0526316 0.223684 
0.0666667 0.15 0.716667 0.0166667 0.05 
0.0652174 0.152174 0.565217 0.108696 0.108696 
0.12 0.04 0.64 0.08 0.12 
0.0243902 0.121951 0.707317 0.0487805 0.097561 
0.151515 0.0151515 0.727273 0.0909091 0.0151515 
0.283019 0.0188679 0.339623 0.245283 0.113208 
0.0454545 0.106061 0.712121 0.0606061 0.0757576 
0.0106383 0.0425532 0.489362 0.212766 0.244681 
0.0545455 0.127273 0.763636 0.0181818 0.0363636 
0.0105263 0.0105263 0.347368 0.578947 0.0526316 
0.153846 0.0512821 0.74359 0.025641 0.025641 
0.03125 0.0625 0.6875 0.15625 0.0625 
0.461538 0.00512821 0.338462 0.158974 0.0358974 
0.00584795 0.0233918 0.754386 0.0935673 0.122807 
0.0731707 0.0731707 0.634146 0.097561 0.121951 
0.0882353 0.264706 0.411765 0.205882 0.0294118 
0.0201005 0.0351759 0.668342 0.236181 0.040201 
0.106667 0.0133333 0.733333 0.12 0.0266667 
0.0333333 0.1 0.566667 0.1 0.2 
0.15 0.025 0.625 0.125 0.075 
0.137931 0.0344828 0.310345 0.206897 0.310345 
0.153846 0.0769231 0.576923 0.115385 0.0769231 
0.025 0.025 0.775 0.025 0.15 
0.206522 0.048913 0.630435 0.0543478 0.0597826 
0.25 0.21875 0.453125 0.03125 0.046875 
0.0338983 0.0338983 0.694915 0.220339 0.0169492 
0.153846 0.282051 0.435897 0.025641 0.102564 
0.0789474 0.0263158 0.605263 0.0789474 0.210526 
0.0277778 0.208333 0.666667 0.0416667 0.0555556 
0.0319149 0.106383 0.776596 0.0212766 0.0638298 
0.102564 0.025641 0.794872 0.025641 0.0512821 
0.102273 0.0227273 0.318182 0.278409 0.278409 
0.147541 0.0163934 0.180328 0.311475 0.344262 
0.0272727 0.00454545 0.536364 0.159091 0.272727 
0.0925926 0.0555556 0.777778 0.0185185 0.0555556 
0.0588235 0.0784314 0.588235 0.196078 0.0784314 
0.133333 0.0333333 0.616667 0.0833333 0.133333 
0.0701754 0.0175439 0.789474 0.114035 0.00877193 
0.353659 0.0609756 0.292683 0.158537 0.134146 
0.00625 0.0125 0.39375 0.51875 0.06875 
0.0247525 0.0049505 0.747525 0.163366 0.0594059 
0.14 0.08 0.4 0.28 0.1 
0.0882353 0.0294118 0.588235 0.0294118 0.264706 
0.0174419 0.00581395 0.273256 0.639535 0.0639535 
0.236842 0.131579 0.447368 0.0263158 0.157895 
0.0698925 0.016129 0.580645 0.247312 0.0860215 
0.0833333 0.0833333 0.433333 0.216667 0.183333 
0.111111 0.174603 0.666667 0.015873 0.031746 
0.34375 0.078125 0.296875 0.03125 0.25 
0.0574713 0.0344828 0.344828 0.54023 0.0229885 
0.0882353 0.0294118 0.441176 0.352941 0.0882353 
0.236842 0.00657895 0.657895 0.0657895 0.0328947 
0.302326 0.0116279 0.459302 0.19186 0.0348837 
0.0521739 0.00869565 0.33913 0.373913 0.226087 
0.0070922 0.0141844 0.907801 0.0638298 0.0070922 
0.0234375 0.0234375 0.789062 0.148438 0.015625 
0.0862069 0.00862069 0.560345 0.336207 0.00862069 
0.108108 0.0540541 0.657658 0.036036 0.144144 
0.0888889 0.0222222 0.777778 0.0222222 0.0888889 
0.0357143 0.0357143 0.857143 0.0357143 0.0357143 
0.204082 0.0204082 0.653061 0.0204082 0.102041 
0.0208333 0.0416667 0.541667 0.0833333 0.3125 
0.0192308 0.00961538 0.615385 0.230769 0.125 
0.0806452 0.016129 0.451613 0.145161 0.306452 
0.0714286 0.0357143 0.785714 0.0357143 0.0714286 
0.296296 0.296296 0.296296 0.0740741 0.037037 
0.00421941 0.00421941 0.527426 0.43038 0.0337553 
0.0243902 0.0487805 0.804878 0.0243902 0.097561 
0.0487805 0.0243902 0.658537 0.0487805 0.219512 
0.0277778 0.0555556 0.694444 0.194444 0.0277778 
0.244444 0.0666667 0.644444 0.0222222 0.0222222 
0.157895 0.0292398 0.590643 0.128655 0.0935673 
0.426901 0.00584795 0.315789 0.210526 0.0409357 
0.03125 0.0625 0.8125 0.0625 0.03125 
0.125 0.0833333 0.666667 0.0833333 0.0416667 
0.0689655 0.0172414 0.827586 0.0689655 0.0172414 
0.2 0.0285714 0.528571 0.2 0.0428571 
0.08 0.02 0.3 0.1 0.5 
0.169811 0.0377358 0.679245 0.0566038 0.0566038 
0.144654 0.0251572 0.786164 0.0188679 0.0251572 
0.0540541 0.0540541 0.432432 0.135135 0.324324 
0.0689655 0.103448 0.551724 0.155172 0.12069 
0.075188 0.0075188 0.781955 0.112782 0.0225564 
0.0567376 0.0496454 0.382979 0.283688 0.22695 
0.031746 0.0793651 0.809524 0.015873 0.0634921 
0.0857143 0.228571 0.542857 0.114286 0.0285714 
0.0888889 0.0222222 0.844444 0.0222222 0.0222222 
0.0285714 0.0285714 0.628571 0.0571429 0.257143 
0.0714286 0.0357143 0.642857 0.178571 0.0714286 
0.185185 0.0185185 0.462963 0.259259 0.0740741 
0.241379 0.241379 0.431034 0.0172414 0.0689655 
0.0222222 0.0111111 0.277778 0.677778 0.0111111 
0.0441176 0.0588235 0.411765 0.0588235 0.426471 
0.0408163 0.102041 0.632653 0.122449 0.102041 
0.0961538 0.0961538 0.576923 0.211538 0.0192308 
0.0720721 0.0540541 0.396396 0.297297 0.18018 
0.00623053 0.00311526 0.246106 0.598131 0.146417 
0.164948 0.0103093 0.546392 0.216495 0.0618557 
0.00980392 0.127451 0.696078 0.0588235 0.107843 
0.153846 0.0769231 0.653846 0.0769231 0.0384615 
0.0348837 0.0232558 0.476744 0.151163 0.313953 
0.285714 0.214286 0.471429 0.0142857 0.0142857 
0.0625 0.0208333 0.854167 0.0416667 0.0208333 
0.0243902 0.0243902 0.731707 0.0731707 0.146341 
0.0175439 0.315789 0.45614 0.0701754 0.140351 
0.0348837 0.0116279 0.848837 0.0581395 0.0465116 
0.108696 0.108696 0.695652 0.0652174 0.0217391 
0.0451613 0.00645161 0.870968 0.0387097 0.0387097 
0.163462 0.0673077 0.307692 0.0480769 0.413462 
0.10274 0.0205479 0.0958904 0.116438 0.664384 
0.0454545 0.0227273 0.590909 0.0681818 0.272727 
0.20202 0.010101 0.727273 0.040404 0.020202 
0.0204082 0.0408163 0.55102 0.0204082 0.367347 
0.166667 0.0333333 0.666667 0.0333333 0.1 
0.0366972 0.284404 0.541284 0.0550459 0.0825688 
0.137931 0.137931 0.37931 0.103448 0.241379 
0.0547945 0.0821918 0.835616 0.0136986 0.0136986 
0.0196078 0.0196078 0.764706 0.176471 0.0196078 
0.0909091 0.030303 0.575758 0.0606061 0.242424 
0.0515464 0.00257732 0.685567 0.213918 0.0463918 
0.0769231 0.0615385 0.646154 0.0615385 0.153846 
0.0206186 0.0103093 0.360825 0.56701 0.0412371 
0.0731707 0.0243902 0.634146 0.097561 0.170732 
0.0909091 0.0454545 0.772727 0.0454545 0.0454545 
0.0729167 0.0104167 0.895833 0.0104167 0.0104167 
0.125 0.125 0.666667 0.0416667 0.0416667 
0.243902 0.170732 0.487805 0.0487805 0.0487805 
0.156425 0.027933 0.715084 0.0614525 0.0391061 
0.193548 0.0322581 0.354839 0.258065 0.16129 
0.3 0.05 0.4 0.1 0.15 
0.112903 0.0645161 0.33871 0.0645161 0.419355 
0.0285714 0.0285714 0.714286 0.0571429 0.171429 
0.0208333 0.0208333 0.270833 0.0625 0.625 
0.0185185 0.0185185 0.444444 0.166667 0.351852 
0.0526316 0.0526316 0.631579 0.157895 0.105263 
0.225806 0.016129 0.693548 0.0483871 0.016129 
0.0789474 0.0131579 0.592105 0.184211 0.131579 
0.232143 0.0178571 0.464286 0.0357143 0.25 
0.0810811 0.108108 0.486486 0.0540541 0.27027 
0.0185185 0.037037 0.425926 0.12963 0.388889 
0.20339 0.0169492 0.627119 0.118644 0.0338983 
0.0909091 0.010101 0.69697 0.161616 0.040404 
0.283186 0.0176991 0.415929 0.212389 0.0707965 
0.107692 0.123077 0.738462 0.0153846 0.0153846 
0.0819672 0.0327869 0.745902 0.131148 0.00819672 
0.027027 0.0540541 0.702703 0.0540541 0.162162 
0.0294118 0.0294118 0.470588 0.411765 0.0588235 
0.0227273 0.0454545 0.590909 0.0681818 0.272727 
0.215385 0.123077 0.430769 0.153846 0.0769231 
0.179487 0.0769231 0.666667 0.025641 0.0512821 
0.0485437 0.00970874 0.330097 0.0873786 0.524272 
0.0434783 0.0434783 0.652174 0.0434783 0.217391 
0.0769231 0.025641 0.769231 0.0769231 0.0512821 
0.14 0.06 0.62 0.02 0.16 
0.142857 0.010582 0.587302 0.100529 0.15873 
0.208333 0.0208333 0.583333 0.166667 0.0208333 
0.35 0.0625 0.2625 0.275 0.05 
0.0738255 0.033557 0.805369 0.0671141 0.0201342 
0.169014 0.0140845 0.338028 0.253521 0.225352 
0.229508 0.0163934 0.262295 0.0163934 0.47541 
0.1 0.04 0.62 0.06 0.18 
0.2 0.0307692 0.723077 0.0307692 0.0153846 
0.0454545 0.136364 0.727273 0.0454545 0.0454545 
0.210526 0.140351 0.578947 0.0526316 0.0175439 
0.0307692 0.0153846 0.723077 0.138462 0.0923077 
0.0676471 0.00294118 0.626471 0.120588 0.182353 
0.00980392 0.00980392 0.22549 0.745098 0.00980392 
0.0606061 0.0151515 0.621212 0.136364 0.166667 
0.0660377 0.0754717 0.669811 0.169811 0.0188679 
0.0217391 0.0434783 0.847826 0.0217391 0.0652174 
0.0285714 0.0285714 0.885714 0.0285714 0.0285714 
0.037037 0.111111 0.444444 0.111111 0.296296 
0.112245 0.0408163 0.765306 0.0714286 0.0102041 
0.0333333 0.0666667 0.8 0.0333333 0.0666667 
0.0625 0.0416667 0.75 0.0208333 0.125 
0.0285714 0.0285714 0.685714 0.228571 0.0285714 
0.298246 0.122807 0.45614 0.105263 0.0175439 
0.168224 0.163551 0.0186916 0.0186916 0.630841 
0.0740741 0.0740741 0.777778 0.037037 0.037037 
0.057971 0.0362319 0.673913 0.181159 0.0507246 
0.0454545 0.0227273 0.613636 0.0227273 0.295455 
0.03125 0.09375 0.46875 0.21875 0.1875 
0.176471 0.176471 0.176471 0.0882353 0.382353 
0.0322581 0.0322581 0.741935 0.16129 0.0322581 
0.0896552 0.0137931 0.42069 0.172414 0.303448 
0.0909091 0.0454545 0.795455 0.0227273 0.0454545 
0.0121951 0.0121951 0.731707 0.219512 0.0243902 
0.0447761 0.0298507 0.902985 0.00746269 0.0149254 
0.277612 0.0149254 0.319403 0.18209 0.20597 
0.06 0.02 0.42 0.12 0.38 
0.120567 0.0638298 0.638298 0.163121 0.0141844 
0.0555556 0.194444 0.416667 0.194444 0.138889 
0.0648148 0.0277778 0.648148 0.185185 0.0740741 
0.203704 0.148148 0.462963 0.0185185 0.166667 
0.142857 0.285714 0.371429 0.114286 0.0857143 
0.0344828 0.0147783 0.339901 0.399015 0.211823 
0.0387597 0.0465116 0.705426 0.139535 0.0697674 
0.130435 0.130435 0.521739 0.0434783 0.173913 
0.247126 0.0689655 0.333333 0.0344828 0.316092 
0.3 0.05 0.375 0.025 0.25 
0.429467 0.00626959 0.341693 0.191223 0.031348 
0.32 0.0123077 0.209231 0.104615 0.353846 
0.135135 0.0810811 0.702703 0.0540541 0.027027 
0.0833333 0.145833 0.666667 0.0416667 0.0625 
0.228571 0.0285714 0.685714 0.0285714 0.0285714 
0.0416667 0.0833333 0.729167 0.0416667 0.104167 
0.0333333 0.0166667 0.583333 0.266667 0.1 
0.0746269 0.0149254 0.61194 0.238806 0.0597015 
0.0481481 0.0148148 0.462963 0.403704 0.0703704 
0.025 0.0166667 0.758333 0.191667 0.00833333 
0.0816327 0.204082 0.612245 0.0612245 0.0408163 
0.21875 0.0625 0.53125 0.15625 0.03125 
0.06 0.04 0.72 0.08 0.1 
0.0344828 0.0689655 0.655172 0.137931 0.103448 
0.192982 0.105263 0.368421 0.0175439 0.315789 
0.214724 0.165644 0.466258 0.0368098 0.116564 
0.0204082 0.0204082 0.816327 0.0408163 0.102041 
0.188679 0.0188679 0.679245 0.0754717 0.0377358 
0.0757576 0.181818 0.636364 0.0151515 0.0909091 
0.0222222 0.0666667 0.377778 0.377778 0.155556 
0.08 0.04 0.68 0.08 0.12 
0.111111 0.0833333 0.527778 0.166667 0.111111 
0.194805 0.012987 0.727273 0.025974 0.038961 
0.0322581 0.0967742 0.645161 0.0322581 0.193548 
0.237705 0.0409836 0.401639 0.0327869 0.286885 
0.127273 0.0727273 0.6 0.0909091 0.109091 
0.204082 0.265306 0.428571 0.0816327 0.0204082 
0.106061 0.0757576 0.681818 0.0454545 0.0909091 
0.121951 0.0731707 0.731707 0.0243902 0.0487805 
0.0654206 0.168224 0.392523 0.0747664 0.299065 
0.0793651 0.015873 0.396825 0.206349 0.301587 
0.0833333 0.0833333 0.75 0.0416667 0.0416667 
0.12963 0.12963 0.574074 0.0185185 0.148148 
0.0895522 0.0895522 0.701493 0.104478 0.0149254 
0.0869565 0.173913 0.695652 0.0217391 0.0217391 
0.0444444 0.177778 0.477778 0.0333333 0.266667 
0.145078 0.0673575 0.756477 0.00518135 0.0259067 
0.144509 0.0578035 0.271676 0.219653 0.306358 
0.0163934 0.344262 0.557377 0.0655738 0.0163934 
0.0583333 0.116667 0.583333 0.0333333 0.208333 
0.139535 0.139535 0.627907 0.0232558 0.0697674 
0.0344828 0.0344828 0.689655 0.137931 0.103448 
0.0483871 0.0806452 0.790323 0.0645161 0.016129 
0.0958904 0.0958904 0.178082 0.0136986 0.616438 
0.129032 0.0483871 0.435484 0.129032 0.258065 
0.0555556 0.25 0.583333 0.0833333 0.0277778 
0.1 0.1 0.7 0.0888889 0.0111111 
0.0984848 0.0530303 0.681818 0.106061 0.0606061 
0.047619 0.0119048 0.666667 0.0119048 0.261905 
0.159574 0.0531915 0.606383 0.0425532 0.138298 
0.181818 0.121212 0.621212 0.0454545 0.030303 
0.216667 0.1 0.533333 0.0833333 0.0666667 
0.0416667 0.0833333 0.791667 0.0416667 0.0416667 
0.00383142 0.00766284 0.203065 0.727969 0.0574713 
0.106383 0.120567 0.702128 0.0567376 0.0141844 
0.125 0.0625 0.71875 0.0625 0.03125 
0.025974 0.012987 0.597403 0.012987 0.350649 
0.172414 0.0172414 0.586207 0.0344828 0.189655 
0.0447761 0.223881 0.61194 0.0149254 0.104478 
0.0181818 0.0363636 0.672727 0.254545 0.0181818 
0.230088 0.00884956 0.628319 0.0884956 0.0442478 
0.333333 0.0185185 0.277778 0.12963 0.240741 
0.0597015 0.0597015 0.507463 0.104478 0.268657 
0.11465 0.0254777 0.707006 0.0636943 0.089172 
0.0115274 0.00864553 0.230548 0.492795 0.256484 
0.163265 0.183673 0.469388 0.0204082 0.163265 
0.0909091 0.127273 0.654545 0.0545455 0.0727273 
0.134921 0.015873 0.309524 0.0238095 0.515873 
0.137931 0.0344828 0.689655 0.0689655 0.0689655 
0.109589 0.0205479 0.253425 0.438356 0.178082 
0.040404 0.010101 0.79798 0.141414 0.010101 
0.22 0.02 0.64 0.02 0.1 
0.2 0.08 0.52 0.02 0.18 
0.0285714 0.0285714 0.457143 0.428571 0.0571429 
0.0217391 0.0217391 0.826087 0.0434783 0.0869565 
0.314286 0.0428571 0.5 0.0428571 0.1 
0.491525 0.101695 0.305085 0.0338983 0.0677966 
0.0555556 0.25 0.583333 0.0277778 0.0833333 
0.204545 0.113636 0.522727 0.0454545 0.113636 
0.0196078 0.0294118 0.813725 0.127451 0.00980392 
0.0454545 0.172727 0.7 0.0181818 0.0636364 
0.27027 0.027027 0.513514 0.027027 0.162162 
0.253333 0.0533333 0.626667 0.0266667 0.04 
0.276923 0.0615385 0.338462 0.0461538 0.276923 
0.166667 0.0416667 0.729167 0.0208333 0.0416667 
0.03125 0.104167 0.770833 0.0520833 0.0416667 
0.0222222 0.0222222 0.711111 0.0666667 0.177778 
0.04 0.16 0.72 0.06 0.02 
0.0105263 0.0105263 0.789474 0.136842 0.0526316 
0.156627 0.060241 0.638554 0.13253 0.0120482 
0.12381 0.0190476 0.742857 0.104762 0.00952381 
0.27907 0.0465116 0.55814 0.0465116 0.0697674 
0.0769231 0.0384615 0.615385 0.192308 0.0769231 
0.121212 0.030303 0.757576 0.0606061 0.030303 
0.0238095 0.0238095 0.5 0.0714286 0.380952 
0.122449 0.0204082 0.367347 0.0408163 0.44898 
0.0126582 0.0759494 0.759494 0.0506329 0.101266 
0.0273973 0.0136986 0.876712 0.0547945 0.0273973 
0.0223881 0.00746269 0.708955 0.208955 0.0522388 
0.137255 0.156863 0.372549 0.137255 0.196078 
0.0833333 0.0277778 0.388889 0.0277778 0.472222 
0.149425 0.0229885 0.436782 0.333333 0.0574713 
0.0204082 0.0204082 0.204082 0.0816327 0.673469 
0.145455 0.0272727 0.636364 0.163636 0.0272727 
0.0818182 0.0363636 0.763636 0.109091 0.00909091 
0.0989011 0.0549451 0.659341 0.175824 0.010989 
0.025641 0.025641 0.871795 0.0512821 0.025641 
0.0493827 0.0617284 0.691358 0.0864198 0.111111 
0.171429 0.0857143 0.6 0.114286 0.0285714 
0.06 0.02 0.78 0.04 0.1 
0.0645161 0.0322581 0.516129 0.129032 0.258065 
0.08 0.04 0.64 0.08 0.16 
0.105263 0.0526316 0.561404 0.0526316 0.22807 
0.0222222 0.155556 0.355556 0.133333 0.333333 
0.106299 0.00787402 0.30315 0.232283 0.350394 
0.0677966 0.0508475 0.627119 0.101695 0.152542 
0.0170213 0.0212766 0.621277 0.157447 0.182979 
0.327273 0.0181818 0.6 0.0363636 0.0181818 
0.0625 0.0833333 0.708333 0.0208333 0.125 
0.192982 0.0789474 0.614035 0.0877193 0.0263158 
0.109244 0.0588235 0.487395 0.277311 0.0672269 
0.09375 0.03125 0.8125 0.03125 0.03125 
0.188406 0.0144928 0.695652 0.0289855 0.0724638 
0.0597015 0.0522388 0.798507 0.0447761 0.0447761 
0.166667 0.0277778 0.444444 0.111111 0.25 
0.307692 0.0615385 0.6 0.0153846 0.0153846 
0.234783 0.0347826 0.53913 0.173913 0.0173913 
0.0243902 0.0731707 0.512195 0.146341 0.243902 
0.0810811 0.351351 0.243243 0.108108 0.216216 
0.0491803 0.163934 0.557377 0.131148 0.0983607 
0.145455 0.0545455 0.672727 0.0727273 0.0545455 
0.0178571 0.0178571 0.642857 0.0357143 0.285714 
0.0333333 0.0833333 0.766667 0.0666667 0.05 
0.137931 0.137931 0.637931 0.0517241 0.0344828 
0.0740741 0.111111 0.555556 0.037037 0.222222 
0.06 0.02 0.88 0.02 0.02 
0.0571429 0.0285714 0.742857 0.0285714 0.142857 
0.148148 0.037037 0.444444 0.185185 0.185185 
0.0408163 0.0408163 0.734694 0.0816327 0.102041 
0.0434783 0.0869565 0.73913 0.0434783 0.0869565 
0.13245 0.00662252 0.311258 0.503311 0.0463576 
0.025 0.025 0.65 0.075 0.225 
0.0227273 0.0454545 0.545455 0.0681818 0.318182 
0.169492 0.0508475 0.711864 0.0338983 0.0338983 
0.047619 0.047619 0.714286 0.142857 0.047619 
0.164835 0.0549451 0.703297 0.043956 0.032967 
0.333333 0.0740741 0.555556 0.0185185 0.0185185 
0.24 0.22 0.46 0.04 0.04 
0.0816327 0.0510204 0.602041 0.193878 0.0714286 
0.102564 0.025641 0.820513 0.025641 0.025641 
0.027027 0.243243 0.675676 0.027027 0.027027 
0.0740741 0.111111 0.518519 0.037037 0.259259 
0.016129 0.241935 0.596774 0.0806452 0.0645161 
0.0566038 0.0566038 0.792453 0.0754717 0.0188679 
0.0784314 0.0196078 0.352941 0.156863 0.392157 
0.123077 0.0307692 0.646154 0.153846 0.0461538 
0.15427 0.0137741 0.550964 0.231405 0.0495868 
0.107143 0.133929 0.491071 0.0357143 0.232143 
0.047619 0.0952381 0.809524 0.015873 0.031746 
0.125 0.125 0.65 0.05 0.05 
0.359375 0.0078125 0.425781 0.152344 0.0546875 
0.146341 0.0487805 0.691057 0.0325203 0.0813008 
0.0163934 0.163934 0.655738 0.0491803 0.114754 
0.245614 0.0175439 0.561404 0.105263 0.0701754 
0.198198 0.018018 0.441441 0.333333 0.00900901 
0.142857 0.326531 0.326531 0.183673 0.0204082 
0.145631 0.0291262 0.76699 0.0194175 0.038835 
0.290909 0.0181818 0.563636 0.0909091 0.0363636 
0.0259067 0.165803 0.549223 0.0207254 0.238342 
0.0107527 0.0322581 0.494624 0.322581 0.139785 
0.113636 0.181818 0.272727 0.0227273 0.409091 
0.018018 0.00900901 0.567568 0.126126 0.279279 
0.0444444 0.0555556 0.588889 0.122222 0.188889 
0.166667 0.05 0.55 0.0333333 0.2 
0.254902 0.0588235 0.588235 0.0196078 0.0784314 
0.015873 0.015873 0.761905 0.142857 0.0634921 
0.0204082 0.0204082 0.877551 0.0408163 0.0408163 
0.0352941 0.00588235 0.447059 0.476471 0.0352941 
0.04 0.02 0.74 0.18 0.02 
0.0232558 0.0116279 0.790698 0.151163 0.0232558 
0.0294118 0.147059 0.323529 0.205882 0.294118 
0.0666667 0.0222222 0.844444 0.0444444 0.0222222 
0.243243 0.0540541 0.662162 0.027027 0.0135135 
0.118033 0.0360656 0.744262 0.0754098 0.0262295 
0.1875 0.0625 0.65 0.0375 0.0625 
0.125 0.03125 0.6875 0.0625 0.09375 
0.0606061 0.030303 0.363636 0.151515 0.393939 
0.0833333 0.0555556 0.777778 0.0277778 0.0555556 
0.175439 0.157895 0.578947 0.0175439 0.0701754 
0.105263 0.0350877 0.666667 0.122807 0.0701754 
0.0833333 0.216667 0.65 0.0333333 0.0166667 
0.142857 0.267857 0.535714 0.0178571 0.0357143 
0.166667 0.0238095 0.642857 0.0952381 0.0714286 
0.122302 0.233813 0.510791 0.0827338 0.0503597 
0.0285714 0.0571429 0.742857 0.0571429 0.114286 
0.047619 0.047619 0.666667 0.0952381 0.142857 
0.025641 0.102564 0.820513 0.025641 0.025641 
0.0434783 0.130435 0.434783 0.26087 0.130435 
0.0714286 0.0178571 0.553571 0.0535714 0.303571 
0.0980392 0.137255 0.686275 0.0392157 0.0392157 
0.0204082 0.0204082 0.857143 0.0816327 0.0204082 
0.119048 0.047619 0.47619 0.321429 0.0357143 
0.0517241 0.0689655 0.827586 0.0344828 0.0172414 
0.0263158 0.0789474 0.394737 0.0526316 0.447368 
0.0736842 0.0421053 0.4 0.0631579 0.421053 
0.282051 0.153846 0.512821 0.025641 0.025641 
0.107143 0.0714286 0.75 0.0357143 0.0357143 
0.0232558 0.0465116 0.72093 0.186047 0.0232558 
0.127273 0.0363636 0.709091 0.109091 0.0181818 
0.0384615 0.0192308 0.519231 0.0384615 0.384615 
0.131579 0.105263 0.657895 0.0263158 0.0789474 
0.0943396 0.132075 0.698113 0.0566038 0.0188679 
0.238095 0.0238095 0.666667 0.047619 0.0238095 
0.0208333 0.125 0.625 0.125 0.104167 
0.04 0.215 0.555 0.14 0.05 
0.0901639 0.0327869 0.778689 0.0819672 0.0163934 
0.108108 0.135135 0.540541 0.0540541 0.162162 
0.0594059 0.0891089 0.673267 0.138614 0.039604 
0.130435 0.15942 0.608696 0.0144928 0.0869565 
0.0357143 0.0357143 0.857143 0.0357143 0.0357143 
0.119048 0.047619 0.619048 0.0952381 0.119048 
0.362069 0.275862 0.310345 0.0344828 0.0172414 
0.0410959 0.0136986 0.506849 0.136986 0.30137 
0.00440529 0.00440529 0.400881 0.555066 0.0352423 
0.105263 0.157895 0.263158 0.157895 0.315789 
0.178947 0.0105263 0.505263 0.284211 0.0210526 
0.03125 0.03125 0.859375 0.015625 0.0625 
0.380531 0.0619469 0.362832 0.128319 0.0663717 
0.135593 0.0508475 0.779661 0.0169492 0.0169492 
0.0493421 0.0164474 0.493421 0.256579 0.184211 
0.0238095 0.047619 0.761905 0.0238095 0.142857 
0.0606061 0.166667 0.590909 0.136364 0.0454545 
0.0989011 0.021978 0.67033 0.175824 0.032967 
0.157895 0.0526316 0.578947 0.0526316 0.157895 
0.0263158 0.0263158 0.763158 0.131579 0.0526316 
0.0416667 0.0416667 0.75 0.125 0.0416667 
0.18239 0.0188679 0.748428 0.0377358 0.0125786 
0.348837 0.0232558 0.372093 0.209302 0.0465116 
0.0833333 0.03125 0.479167 0.3125 0.09375 
0.05 0.05 0.65 0.15 0.1 
0.154412 0.110294 0.647059 0.00735294 0.0808824 
0.0333333 0.0333333 0.733333 0.0666667 0.133333 
0.0714286 0.196429 0.625 0.0535714 0.0535714 
0.2 0.285714 0.314286 0.0857143 0.114286 
0.0897436 0.461538 0.25641 0.0128205 0.179487 
0.0714286 0.0178571 0.839286 0.0357143 0.0357143 
0.0277778 0.0277778 0.5 0.333333 0.111111 
0.4 0.0111111 0.422222 0.1 0.0666667 
0.0806452 0.016129 0.758065 0.0322581 0.112903 
0.146341 0.0243902 0.682927 0.097561 0.0487805 
0.05 0.0285714 0.775 0.0535714 0.0928571 
0.097561 0.00609756 0.737805 0.146341 0.0121951 
0.062963 0.0037037 0.47037 0.392593 0.0703704 
0.0454545 0.0227273 0.863636 0.0454545 0.0227273 
0.395833 0.0416667 0.375 0.0625 0.125 
0.411765 0.0588235 0.431373 0.0588235 0.0392157 
0.09375 0.03125 0.65625 0.125 0.09375 
0.0196078 0.137255 0.803922 0.0196078 0.0196078 
0.117647 0.235294 0.117647 0.117647 0.411765 
0.0288066 0.00823045 0.728395 0.201646 0.0329218 
0.0689655 0.0344828 0.586207 0.137931 0.172414 
0.0416667 0.0416667 0.708333 0.125 0.0833333 
0.109091 0.0363636 0.454545 0.0727273 0.327273 
0.0540541 0.027027 0.459459 0.0810811 0.378378 
0.0833333 0.0416667 0.5 0.0416667 0.333333 
0.17284 0.0246914 0.617284 0.135802 0.0493827 
0.0923077 0.0307692 0.323077 0.446154 0.107692 
0.285714 0.126984 0.444444 0.047619 0.0952381 
0.24 0.16 0.48 0.02 0.1 
0.0909091 0.121212 0.712121 0.0151515 0.0606061 
0.102041 0.0816327 0.693878 0.0408163 0.0816327 
0.324324 0.00675676 0.601351 0.0337838 0.0337838 
0.0136986 0.0547945 0.876712 0.0410959 0.0136986 
0.0327869 0.327869 0.245902 0.0983607 0.295082 
0.0983607 0.0163934 0.672131 0.0163934 0.196721 
0.0540541 0.108108 0.567568 0.216216 0.0540541 
0.0227273 0.0227273 0.409091 0.204545 0.340909 
0.0401606 0.00803213 0.550201 0.341365 0.060241 
0.18 0.12 0.48 0.06 0.16 
0.075 0.025 0.65 0.125 0.125 
0.0909091 0.0181818 0.618182 0.145455 0.127273 
0.137931 0.0172414 0.181034 0.431034 0.232759 
0.0566038 0.0377358 0.811321 0.0377358 0.0566038 
0.038961 0.116883 0.805195 0.025974 0.012987 
0.0165289 0.0165289 0.61157 0.239669 0.115702 
0.107143 0.0357143 0.607143 0.107143 0.142857 
0.0391645 0.0156658 0.72846 0.140992 0.075718 
0.184211 0.157895 0.552632 0.0526316 0.0526316 
0.0344828 0.0344828 0.689655 0.0344828 0.206897 
0.0188679 0.132075 0.754717 0.0377358 0.0566038 
0.0625 0.0625 0.5 0.25 0.125 
0.08 0.02 0.6 0.28 0.02 
0.09375 0.09375 0.5625 0.125 0.125 
0.129032 0.0967742 0.483871 0.0967742 0.193548 
0.0377358 0.0283019 0.566038 0.122642 0.245283 
0.130435 0.0434783 0.695652 0.0869565 0.0434783 
0.00662252 0.00662252 0.483444 0.258278 0.245033 
0.117647 0.0980392 0.72549 0.0392157 0.0196078 
0.290323 0.0322581 0.537634 0.129032 0.0107527 
0.0795455 0.0227273 0.75 0.0909091 0.0568182 
0.235294 0.0588235 0.529412 0.117647 0.0588235 
0.142857 0.0952381 0.714286 0.0238095 0.0238095 
0.0487805 0.0243902 0.658537 0.097561 0.170732 
0.0617761 0.003861 0.142857 0.131274 0.660232 
0.12 0.08 0.72 0.04 0.04 
0.0444444 0.274074 0.318519 0.0296296 0.333333 
0.0180412 0.00515464 0.219072 0.631443 0.126289 
0.0571429 0.0285714 0.628571 0.0571429 0.228571 
0.0333333 0.0666667 0.6 0.1 0.2 
0.203704 0.203704 0.518519 0.0185185 0.0555556 
0.00955414 0.0605096 0.713376 0.194268 0.022293 
0.102941 0.0147059 0.308824 0.0588235 0.514706 
0.0217391 0.076087 0.652174 0.163043 0.0869565 
0.0408163 0.0612245 0.428571 0.0204082 0.44898 
0.0444444 0.0444444 0.733333 0.0222222 0.155556 
0.0212766 0.0283688 0.758865 0.148936 0.0425532 
0.0689655 0.0689655 0.758621 0.0172414 0.0862069 
0.0588235 0.0588235 0.352941 0.235294 0.294118 
0.0382166 0.00636943 0.242038 0.369427 0.343949 
0.108108 0.045045 0.810811 0.018018 0.018018 
0.0416667 0.0972222 0.75 0.0833333 0.0277778 
0.0925926 0.0740741 0.796296 0.0185185 0.0185185 
0.05 0.025 0.825 0.075 0.025 
0.115385 0.115385 0.653846 0.0384615 0.0769231 
0.130435 0.0434783 0.695652 0.0434783 0.0869565 
0.102564 0.025641 0.487179 0.0512821 0.333333 
0.181818 0.0757576 0.666667 0.0454545 0.030303 
0.0277778 0.166667 0.611111 0.0833333 0.111111 
0.103448 0.0862069 0.689655 0.0862069 0.0344828 
0.0188679 0.0188679 0.830189 0.0188679 0.113208 
0.0425532 0.106383 0.787234 0.0425532 0.0212766 
0.04 0.04 0.56 0.16 0.2 
0.075 0.05 0.675 0.125 0.075 
0.172414 0.137931 0.241379 0.0344828 0.413793 
0.289474 0.0263158 0.440789 0.138158 0.105263 
0.212121 0.106061 0.181818 0.454545 0.0454545 
0.108696 0.0391304 0.704348 0.00434783 0.143478 
0.0254237 0.00847458 0.474576 0.449153 0.0423729 
0.0217391 0.108696 0.804348 0.0434783 0.0217391 
0.0769231 0.2 0.646154 0.0461538 0.0307692 
0.148571 0.0114286 0.48 0.142857 0.217143 
0.333333 0.0350877 0.438596 0.140351 0.0526316 
0.0294118 0.110294 0.808824 0.0220588 0.0294118 
0.0493827 0.0864198 0.592593 0.160494 0.111111 
0.0671141 0.0134228 0.724832 0.134228 0.0604027 
0.01 0.03 0.4 0.44 0.12 
0.0434783 0.130435 0.586957 0.0217391 0.217391 
0.176471 0.0294118 0.676471 0.0588235 0.0588235 
0.0204082 0.0204082 0.714286 0.0204082 0.22449 
0.188406 0.15942 0.57971 0.0144928 0.057971 
